Temperature(°C)	   C_v (J/g/K)
-267.1265427	0.013444345
-257.7860754	0.047199468
-249.8466782	0.088695462
-242.3743044	0.129338455
-234.4349071	0.170031625
-225.5614632	0.210534124
-216.2209959	0.249732033
-206.4135052	0.285711345
-196.1389912	0.321017379
-185.8644771	0.353203346
-175.5899631	0.383254528
-165.315449	0.41166357
-155.040935	0.43843047
-144.7664209	0.464212086
-134.4919069	0.489172631
-124.2173928	0.513312106
-113.9428788	0.537287367
-103.6683647	0.560934199
-93.3938507	0.58490946
-83.1193366	0.608556292
-72.8448226	0.632531553
-62.5703085	0.656342599
-52.2957945	0.680646288
-42.0212805	0.704949977
-31.7467664	0.729253665
-21.4722524	0.753885782
-11.1977383	0.778517899
-0.9232243	0.803150016
9.3512898	0.827946348
19.6258038	0.852414251
29.9003179	0.876882153
40.1748319	0.901350056
50.449346	0.925489531
60.72386	0.949300577
70.9983741	0.972783196
81.2728881	0.996265814
91.5474021	1.01925579
101.8219162	1.041753123
112.0964302	1.063922029
122.3709443	1.085762506
132.6454583	1.107274555
142.9199724	1.128458175
153.1944864	1.148492297
163.4690005	1.168526419
173.7435145	1.188232113
184.0180286	1.20810202
194.2925426	1.226329787
204.5670567	1.244885982
214.8415707	1.26278532
225.1160847	1.279863588
235.3905988	1.297270284
245.6651128	1.313855909
255.9396269	1.330113107
266.2141409	1.345713447
276.488655	1.361149574
286.763169	1.376257272
297.0376831	1.390708114
307.3121971	1.404994742
317.5867112	1.419117156
327.8612252	1.432582713
338.1357392	1.445719843
348.4102533	1.458692758
358.6847673	1.471337244
368.9592814	1.483489088
379.2337954	1.495312505
389.5083095	1.506971707
399.7828235	1.518302481
410.0573376	1.529469041
420.3318516	1.540307172
430.6063657	1.550816875
440.8808797	1.561326579
451.1553938	1.571343639
461.4299078	1.581196486
471.7044218	1.590720904
481.9789359	1.600245324
492.2534499	1.609112885
502.527964	1.618473089
512.802478	1.626683795
523.0769921	1.635551358
533.3515061	1.644090492
543.6260202	1.651972769
553.9005342	1.659855047
564.1750483	1.667901538
574.4495623	1.675455387
584.7240764	1.683009237
594.9985904	1.690234658
605.2731044	1.697460078
615.5476185	1.704357071
625.8221325	1.711254064
636.0966466	1.718151057
646.3711606	1.724719621
656.6456747	1.730959758
666.9201887	1.737199893
677.1947028	1.743604244
687.4692168	1.749680167
697.7437309	1.755263446
708.0182449	1.761339369
718.292759	1.767086862
724.8310861	1.770863787
