Temperature(°C)	weight(%)
26.389	99.889
42.554	100.15
58.722	100.15
74.89	100.15
91.058	100.15
107.23	100.15
123.39	100.15
139.56	100.15
155.73	100.15
171.9	100.15
188.07	100.06
204.23	100.02
220.4	100.02
236.57	100.02
252.74	99.855
268.91	99.776
285.08	99.776
301.24	99.776
317.41	99.776
333.58	99.776
349.75	99.776
365.92	99.776
382.08	99.765
395.32	98.854
399.47	95.604
400.53	92.201
400.55	89.469
400.58	86.737
400.61	84.005
400.63	81.273
400.66	78.541
400.68	75.809
400.71	73.077
400.73	70.345
400.76	67.613
400.78	64.881
400.81	62.149
400.84	59.417
400.86	56.685
400.89	53.953
400.91	51.221
400.94	48.489
400.53	45.483
401.73	42.9
401.75	40.168
402.52	37.002
402.54	34.27
402.57	31.538
402.59	28.806
402.62	26.074
402.64	23.342
402.67	20.61
402.7	17.878
402.72	15.145
403.49	11.73
406.3	6.2276
424.12	5.6003
440.29	5.6455
456.46	5.6455
472.63	5.6455
488.79	5.6455
504.96	5.6455
521.13	5.6455
537.3	5.6455
553.47	5.6455
569.63	5.5778
585.8	5.5213
601.97	5.5213
618.14	5.5213
634.31	5.5213
650.48	5.5213
666.64	5.5213
682.81	5.5213
698.98	5.5213
715.15	5.3858
731.32	5.2052
747.49	4.923
763.66	4.4149
779.84	3.794
796.01	3.1731
805.56	3.0376
