# epsilon and Z* of atoms 1 2 3 4 5 6 7 8 9 10 11 12 13 14 15 61 62
   3.16568127    0.00000006    0.00000000   -0.00000006    3.16568127   -0.00000000    0.00000000    0.00000000    2.17093110 
  -0.61487468   -0.09979226   -0.17057000    0.22385226   -0.83752468   -0.32654000    0.11211000   -0.37458000   -0.49231774 
  -0.33996468   -0.20932226    0.07537000   -0.39750774   -0.25271468   -0.02676000   -0.27107000    0.01481000   -0.25874774 
  -0.28405468   -0.12808226    0.04008000    0.08636226   -0.29502468    0.04347000   -0.00164000   -0.00770000    0.04476226 
   1.38006532   -0.09300226    0.05320000   -0.20028774    0.53282532    0.26314000    0.07386000    0.26839000    0.33715226 
   0.26818532    0.07804774    0.04817000   -0.01757774    0.11254532   -0.04997000    0.02721000    0.00584000   -0.09320774 
   0.09611532   -0.01976226   -0.02980000    0.02297226    0.14749532    0.02801000   -0.00770000    0.00132000    0.16972226 
   0.40909532   -0.27037226    0.08953000    0.05640226    0.30608532   -0.04275000    0.01346000   -0.06195000    0.07806226 
   0.07814532   -0.08338226   -0.03434000   -0.08218774    0.22920532    0.01979000   -0.00179000   -0.00319000    0.12953226 
  -0.60879468    0.09898774    0.10569000   -0.20165774   -0.81763468   -0.43014000   -0.18433000   -0.33647000   -0.50421774 
  -0.27232468    0.24024774   -0.02246000    0.49153226   -0.35727468    0.08232000    0.29791000   -0.02677000   -0.20561774 
   0.35812532    0.05152774   -0.18554000   -0.05807774    0.43465532   -0.06870000   -0.02556000   -0.03237000    0.03571226 
  -0.04110468   -0.06343226    0.09965000   -0.08169774    0.10023532    0.02555000    0.02494000    0.00503000    0.13160226 
  -0.77800468    0.04183774    0.08587000   -0.05355774   -0.62227468    0.05375000    0.02501000    0.00038000   -0.38665774 
  -0.29483468    0.46381774    0.02310000    0.22375226   -0.17265468    0.05799000    0.05414000   -0.01490000   -0.14040774 
  -0.00464468   -0.10515226    0.01341000   -0.11318774    0.02544532    0.02547000    0.00533000    0.01904000    0.15484226 
   2.09738532    0.28576774   -0.00000000   -0.28576774    2.09738532   -0.00000000   -0.00000000    0.00000000    2.00075226 
   2.13357532   -0.29183226    0.00000000    0.29183226    2.13357532    0.00000000    0.00000000    0.00000000    1.99839226 
